n	municipio	COREDE	area_ex	irriga	financ_veg	financ_pec	assist_veg	assis_pec	est_colheita	est_trator	est_adubo	colheita	trator	estab_rebanho	gado	pea	pop	valor_veg	receita_veg	valor_bov	ideese
1	agua_santa	nordeste	0.002927277115	0.005691056911	0.008497761565	0.01026304442	0.00649688586	0.004670726672	0.01079211346	0.00916993027	0.006656003937	0.009222239991	0.009396275249	0.004868537939	0.001871490432	0.006506888454	0.00226440945	0.005889212443	0.004924592046	0.008230421788	1.409505824
2	ajuricaba	noroeste_colonial	0.003454595936	0.009620596206	0.01616647322	0.01034928849	0.009401178505	0.004748142031	0.01909373919	0.01277581431	0.009128937008	0.01620555467	0.01320823721	0.007314343728	0.002854599235	0.008195361492	0.004337809094	0.007964722722	0.006699880795	0.01123719704	1.207168007
3	alegrete	fronteira_oeste	0.08978589421	0.04756097561	0.009409716465	0.0503665373	0.006832642235	0.05824215524	0.0210307852	0.02462030757	0.01692913386	0.02590756437	0.03271816801	0.02903817534	0.1208666363	0.03052154646	0.04598561059	0.03652733199	0.03991076384	0.07789708595	0.9915348371
4	alpestre	medio_alto_uruguai	0.002820139322	0.00325203252	0.0145498259	0.009659335921	0.0178118757	0.008489884393	0.002698028364	0.009360970484	0.01612942913	0.002132309825	0.005781241209	0.01549394894	0.005315619631	0.01267829427	0.004382024327	0.003409645046	0.002839807073	0.004302054001	0.9244856372
5	alto_alegre	alto_da_serra_do_botucarai	0.001148024492	0.0006775067751	0.007875974134	0.004139715395	0.005019557809	0.002348265896	0.005949498443	0.004608845162	0.00437992126	0.004904312597	0.00406515501	0.003011109957	0.000810629898	0.003199988203	0.001062934194	0.001971457576	0.001612885097	0.002254399115	1.2931209
6	ametista_do_sul	medio_alto_uruguai	0.0007830863863	0.00243902439	0.002735864699	0.003363518758	0.007336276798	0.00487716763	0.0002075406434	0.001313401471	0.006077755906	0.0001599232368	0.0009143082203	0.006829797298	0.001031310685	0.006340990448	0.004466328037	0.0007450002996	0.0005217272633	0.0009243218323	1.035371884
7	augusto_pestana	noroeste_colonial	0.003565679652	0.007588075881	0.01256010612	0.01862871928	0.009888025249	0.008464079273	0.02013144241	0.01502053682	0.01110974409	0.01737832507	0.01485399201	0.009483265843	0.004784560644	0.009658950566	0.004180402866	0.006853405732	0.004669525384	0.01357347506	1.34260101
8	barracao	nordeste	0.005133167732	0.000406504065	0.01231139115	0.01009055627	0.01024056944	0.009599504542	0.006018678658	0.007904288853	0.009731791339	0.005277466816	0.005964102853	0.009529413122	0.004978416036	0.008600889951	0.003227122449	0.005379823285	0.00551181179	0.003924728725	0.8786538312
9	barra_do_quarai	fronteira_oeste	0.01138147726	0.008536585366	0.001658099818	0.00120741699	0.001124783857	0.002038604459	0.003113109651	0.002077562327	0.001058070866	0.005330774562	0.004557474821	0.001407492011	0.01133750161	0.002846072457	0.002489612368	0.009485782769	0.00008850335255	0.005211592142	0.5755657315
10	barros_cassal	alto_da_serra_do_botucarai	0.004955003323	0.0027100271	0.01745150058	0.002673566192	0.02427518593	0.004799752271	0.003113109651	0.009217690324	0.01906988189	0.002878618263	0.006146964497	0.01767440787	0.00379767952	0.01471330981	0.006771415501	0.005922261969	0.006529688848	0.002624901148	0.810750106
11	boa_vista_do_cadeado	alto_jacui	0.007175003605	0.00352303523	0.00754435417	0.003794739112	0.006043614753	0.004077208918	0.01252161882	0.007426688318	0.005708661417	0.0133269364	0.009354076408	0.004995442956	0.002565597521	0.005832236563	0.001489169037	0.01293537154	0.01331851551	0.003489405894	0.9818844389
12	boa_vista_do_incra	alto_jacui	0.005137472376	0.002574525745	0.006964019234	0.004570935748	0.004012288683	0.002761147812	0.01079211346	0.00608940682	0.004146161417	0.01183431953	0.007848984415	0.003172625434	0.001575153649	0.004593531452	0.001520414468	0.009370358185	0.01061526911	0.003169850732	0.9172547456
13	bossoroca	missoes	0.016634338	0.004200542005	0.007793069143	0.009918068133	0.007907062635	0.01192196532	0.008924247665	0.008119209094	0.007455708661	0.0102883949	0.008650762392	0.01024469595	0.02234408682	0.008884759872	0.004009437299	0.01124494156	0.01165987418	0.01047936231	0.8702030146
14	bozano	noroeste_colonial	0.002106046804	0.002303523035	0.008497761565	0.002242345839	0.005086709084	0.001522502064	0.01162227603	0.005826726526	0.004330708661	0.01055493363	0.006934676194	0.00335721455	0.001059812667	0.004265422063	0.001313487179	0.004062319893	0.004138505269	0.001986928033	1.275481
15	cachoeira_do_sul	jacui_centro	0.03831897934	0.05176151762	0.01442546841	0.009228115567	0.02409051992	0.03238542527	0.02857142857	0.03001719362	0.02389271654	0.03337064876	0.03736004051	0.02793064064	0.02876122423	0.02884781992	0.05040241757	0.04030037969	0.04254126048	0.02527556231	1.056710209
16	cacique_Doble	nordeste	0.002270579843	0.00189701897	0.01040457636	0.009400603708	0.01173468531	0.005109413708	0.004289173296	0.008310249307	0.0108390748	0.003571618956	0.005499915602	0.008525709803	0.001606380085	0.008401812344	0.003006635822	0.00319670659	0.00287007522	0.003295853266	0.7804212381
17	caibate	missoes	0.002643051074	0.00216802168	0.004020892058	0.003880983182	0.005926100022	0.005393270025	0.004427533725	0.004322284841	0.005561023622	0.004264619649	0.004079221291	0.005745336241	0.002435452442	0.004759429458	0.002972442709	0.004275400498	0.00411584841	0.003138691261	0.9123480621
18	caicara	medio_alto_uruguai	0.001840832939	0.00135501355	0.006342231802	0.006899525658	0.01094565783	0.006915772089	0.002905569007	0.007856528799	0.01085137795	0.002292233061	0.005176391155	0.01011779093	0.003220933532	0.007144674121	0.00298541251	0.002879360059	0.002771747995	0.00460182176	1.049969196
19	campos_borges	alto_da_serra_do_botucarai	0.00198802783	0.00298102981	0.007502901675	0.006382061233	0.005103496903	0.00490297275	0.006018678658	0.005277485911	0.004884350394	0.00522415907	0.004670005064	0.004707022462	0.001748680421	0.004818415416	0.002071631035	0.002898976552	0.002493670461	0.003493954721	0.9200226486
20	capao_bonito_do_sul	nordeste	0.005227032874	0.002032520325	0.003440557122	0.003277274687	0.003156109927	0.004361065235	0.005188516084	0.003677524119	0.003813976378	0.004851004851	0.004135486412	0.003714855963	0.002951422144	0.003878326716	0.001036405054	0.008920102805	0.009175496572	0.004273623826	0.7037798894
21	caseiros	nordeste	0.002079142783	0.002845528455	0.003896534571	0.005433376455	0.00310574647	0.004412675475	0.004427533725	0.004776005349	0.004010826772	0.003838157684	0.004402745738	0.003437972289	0.001538687878	0.004394453845	0.001877673548	0.003433525994	0.003481898896	0.004794692064	0.8933699696
22	catuipe	noroeste_colonial	0.006190675138	0.008401084011	0.01620792572	0.01103924105	0.009921600886	0.005702931462	0.01812521619	0.01236985385	0.009830216535	0.01748494056	0.01211106735	0.008306510227	0.003518737329	0.008759414712	0.005503322627	0.01169107463	0.01215035976	0.007507385591	1.252052281
23	cerro_branco	jacui_centro	0.001152568282	0.009620596206	0.00754435417	0.0002587322122	0.01099602129	0.001341866226	0.001937046005	0.005970006686	0.008255413386	0.001652540114	0.004388679458	0.007833500617	0.0006926400757	0.005909655633	0.002767284029	0.001925756832	0.001989997882	0.000447149784	0.9098779778
24	cerro_largo	missoes	0.001550986947	0.01463414634	0.005969159343	0.01172919362	0.007403428073	0.008335053675	0.003389830508	0.007832648773	0.008833661417	0.002985233754	0.00585157261	0.008237289309	0.002672479953	0.00748753	0.008294188114	0.002718945474	0.001823080559	0.007721635386	1.022695888
25	colorado	alto_jacui	0.003156977672	0.0009485094851	0.01139943625	0.003449762829	0.006093978209	0.001548307184	0.01203735732	0.007211768077	0.005068897638	0.009915240684	0.00810217746	0.003414898649	0.001334982536	0.004519799005	0.002050407723	0.007538419364	0.006395871779	0.005312121239	1.207974436
26	condor	noroeste_colonial	0.004744195368	0.004471544715	0.006217874316	0.005778352738	0.007386640254	0.003457886045	0.01044621238	0.007617728532	0.006963582677	0.01060824138	0.008439768188	0.005041590235	0.002420363157	0.005865416164	0.004030071075	0.01029602923	0.01005159126	0.006468205854	1.067208958
27	coronel_barros	noroeste_colonial	0.001793601434	0.0008130081301	0.006176421821	0.004053471324	0.004918830896	0.002683732453	0.009477689381	0.006495367275	0.004613681102	0.008156085079	0.006146964497	0.004014813277	0.001190376893	0.003203674825	0.001508623739	0.00303202755	0.00297698727	0.002010127056	1.344842322
28	cristal_do_sul	medio_alto_uruguai	0.0009904267121	0.00108401084	0.00281876969	0.004053471324	0.005204223815	0.003509496284	0.001176063646	0.001337281498	0.005118110236	0.001012847167	0.001111236145	0.004557043805	0.0009315537478	0.003882013338	0.001720267319	0.001666122593	0.001432515264	0.002162740232	0.7119439136
29	cruz_alta	alto_jacui	0.01546945365	0.009620596206	0.009368263969	0.001897369556	0.006564037135	0.004799752271	0.01639571083	0.008262489254	0.006090059055	0.02089663628	0.01438980476	0.005076200695	0.003143810522	0.008132688912	0.03741375082	0.03322316114	0.03348710201	0.006453649604	1.117432739
30	dezesseis_de_novembro	missoes	0.002415144118	0.00108401084	0.002114077267	0.003277274687	0.006295432035	0.01076073493	0.001176063646	0.002722323049	0.006348425197	0.001012847167	0.001856749001	0.008779519838	0.004816625374	0.007008269094	0.00161768798	0.001338114925	0.001100804699	0.002676757787	0.7024112355
31	dois_irmaos	medio_alto_uruguai	0.0002336464802	0.00135501355	0.0001658099818	0.00008624407072	0.00203132607	0.001574112304	0.0004150812868	0.001814882033	0.002374507874	0.0003198464737	0.001392561751	0.00190357526	0.0002701401082	0.001740085751	0.01813001401	0.0006707277072	0.0006768736403	0.0008074169549	1.158026644
32	entre-ijuis	missoes	0.005399816479	0.003929539295	0.01164815122	0.005605864597	0.01247334934	0.005367464905	0.01715669319	0.0119638934	0.01058070866	0.01604563143	0.01042311371	0.009483265843	0.003636936724	0.008434991945	0.005294626729	0.009650248586	0.009615889255	0.00443078583	0.9508363823
33	erval_seco	medio_alto_uruguai	0.004053658815	0.00216802168	0.008207594097	0.01336783096	0.01403461648	0.009547894302	0.007194742304	0.007522208425	0.01327509843	0.006450237219	0.005640578405	0.01278279629	0.003166654022	0.01091608879	0.004515849098	0.005793972946	0.005318962985	0.006485263958	0.8662653637
34	espumoso	alto_da_serra_do_botucarai	0.007902129627	0.001219512195	0.02039462776	0.006899525658	0.01588127655	0.005444880264	0.02455897613	0.01561753749	0.01337352362	0.02217602218	0.01503685365	0.01061387418	0.004803003103	0.01145802227	0.009340025751	0.01434271279	0.01270899292	0.006222569146	1.169597662
35	eugenio_de_castro	missoes	0.00437602878	0.00298102981	0.005969159343	0.003967227253	0.00527137509	0.00291597853	0.008232445521	0.005277485911	0.004982775591	0.00826270057	0.006329826141	0.003668708684	0.002509431851	0.005238690364	0.00159115884	0.00843367063	0.008193994393	0.004173322171	1.040549456
36	fontoura_xavier	alto_da_serra_do_botucarai	0.00482622274	0.001219512195	0.008124689106	0.004053471324	0.01991035305	0.009496284063	0.002144586648	0.007259528131	0.01743356299	0.002132309825	0.004838800428	0.01693605141	0.003099800109	0.01847735124	0.006388216817	0.003145390981	0.003290643151	0.002988125057	0.9050261335
37	fortaleza_dos_valos	alto_jacui	0.00537231459	0.0027100271	0.00663239927	0.003191030617	0.004818103984	0.002709537572	0.01016949153	0.006375967141	0.004416830709	0.01087478011	0.00808811118	0.003934055538	0.002073309612	0.004512425761	0.002704793167	0.01105638157	0.01098291204	0.005766549148	1.251339765
38	frederico_westphalen	medio_alto_uruguai	0.002223109191	0.008265582656	0.008249046593	0.01371280724	0.009350815049	0.01045107349	0.004704254583	0.01041169166	0.01138041339	0.003944773176	0.007131604119	0.01046389552	0.003622895307	0.009559411763	0.01817658739	0.002920440976	0.002602087068	0.007197837851	1.114621583
39	garruchos	missoes	0.008666921278	0.00243902439	0.002321339745	0.006640793445	0.002887504826	0.01021882742	0.003528190937	0.003438723851	0.002928149606	0.004051388667	0.003488437518	0.006368324508	0.01245767141	0.005131778316	0.001875904938	0.003867007852	0.00454243457	0.005969199431	0.7223489463
40	girua	missoes	0.008962267648	0.00487804878	0.0254518322	0.008451918931	0.02177380093	0.007018992568	0.0229678312	0.0164294584	0.01780265748	0.02297563836	0.01620435492	0.0123213235	0.003378951873	0.0136884288	0.01006279742	0.01966574775	0.02118690607	0.005961238982	0.9567492583
41	gramado_dos_loureiros	medio_alto_uruguai	0.00118808159	0.00162601626	0.004103797049	0.002673566192	0.004398408515	0.002012799339	0.002698028364	0.002626802942	0.003592519685	0.002398848553	0.002053676926	0.003276456812	0.000650515823	0.003365886209	0.001324688371	0.001734069577	0.001884590389	0.001291639686	0.9206537549
42	gramado_xavier	alto_da_serra_do_botucarai	0.001746967797	0.00027100271	0.008953739015	0.0008624407072	0.0102909329	0.001161230388	0.001383604289	0.005420766071	0.007886318898	0.00133269364	0.003432172396	0.007083607333	0.0008139830723	0.006790758375	0.002506119388	0.002871897262	0.003234709032	0.0007112092445	0.909552778
43	guarani_das_missoes	missoes	0.002827911595	0.00108401084	0.01152379373	0.01147046141	0.01123105075	0.006502890173	0.01265997925	0.01131913268	0.01133120079	0.01082147236	0.008903955438	0.01000242273	0.002890017139	0.00855296386	0.004763454401	0.004093876861	0.0034529583	0.005269134815	0.9177066445
44	ibiaca	nordeste	0.003869396161	0.003387533875	0.009658431438	0.0035360069	0.008729665755	0.002090214699	0.01106883431	0.00909829019	0.007320374016	0.009542086465	0.008636696112	0.004995442956	0.001743441086	0.005710578026	0.002856893567	0.007485966567	0.006614386556	0.005686944659	1.182609834
45	ibiraiaras	nordeste	0.003005836857	0.01734417344	0.01206267617	0.01069426477	0.007118035154	0.005264244426	0.006848841231	0.01155793294	0.007541830709	0.005703928781	0.01035278231	0.00627602995	0.002435871589	0.006270944623	0.004396762738	0.006339681046	0.006181251149	0.006829837673	1.015452405
46	ibirapuita	alto_da_serra_do_botucarai	0.003120388202	0.001490514905	0.007295639197	0.003191030617	0.006329007672	0.002657927333	0.009131788309	0.005850606553	0.005437992126	0.008582547044	0.006062566815	0.003795613701	0.001566770713	0.004682010389	0.00244952389	0.004763396306	0.004295687223	0.002744307881	0.9212356338
47	ibiruba	alto_jacui	0.006228221195	0.005284552846	0.02064334273	0.01992238034	0.01440394849	0.009031791908	0.02642684192	0.02072786322	0.01449311024	0.02286902287	0.02197152985	0.01076385284	0.005139577978	0.01331239332	0.01200001415	0.01480633013	0.01163456222	0.01910666933	1.247621932
48	ijui	noroeste_colonial	0.006451703933	0.02357723577	0.02491294976	0.01664510565	0.01999429214	0.01081234517	0.03196125908	0.02679339001	0.01937746063	0.02841302841	0.02553029877	0.01631306314	0.004920364205	0.01761099498	0.04912607119	0.01270629923	0.01212425127	0.01398218724	1.25706896
49	irai	medio_alto_uruguai	0.001674267152	0.00162601626	0.006342231802	0.007072013799	0.008544999748	0.006167423617	0.003320650294	0.00601776674	0.007898622047	0.00255877179	0.003910425927	0.008318047047	0.002793403803	0.006687532949	0.004669718107	0.00226243556	0.001903441603	0.002981529257	0.8823662606
50	itacurubi	fronteira_oeste	0.01219338085	0.00298102981	0.001989719781	0.007330746011	0.003542229758	0.01380573906	0.002144586648	0.004202884707	0.004306102362	0.002079002079	0.003854160806	0.008421878425	0.01947293129	0.006997209227	0.00209403342	0.002173948117	0.001993803526	0.01061696435	0.7725261837
51	itapuca	alto_da_serra_do_botucarai	0.001922860311	0.00027100271	0.006342231802	0.004053471324	0.007000520422	0.002503096614	0.001314424075	0.005516286178	0.006213090551	0.001119462658	0.003629100321	0.004107107835	0.001027538363	0.004350214377	0.00135298612	0.001989652584	0.002038940236	0.007679103845	0.9574865973
52	itaqui	fronteira_oeste	0.03467378336	0.02059620596	0.004186702039	0.006209573092	0.002921080464	0.00779314616	0.009062608094	0.005826726526	0.003789370079	0.01887094195	0.01498058853	0.004637801544	0.03149007942	0.009091210724	0.02299899543	0.0356277452	0.04023043795	0.02166970642	0.8940941882
53	jacuizinho	alto_da_serra_do_botucarai	0.0033089555	0.004471544715	0.005927706848	0.003191030617	0.007604881898	0.00294178365	0.003943272224	0.003558123985	0.005573326772	0.005010928088	0.003544702639	0.006091440833	0.002071842599	0.00496588031	0.001571704138	0.005001139676	0.004933973401	0.002151595604	1.123144093
54	joia	noroeste_colonial	0.01266988096	0.006233062331	0.01239429614	0.0135403191	0.01584770091	0.01285094963	0.01646489104	0.01456681631	0.01505905512	0.01721840183	0.01498058853	0.0151824548	0.008652237678	0.01534003561	0.005116586726	0.0189161987	0.018954232	0.009908711847	0.8140789176
55	lagoao	alto_da_serra_do_botucarai	0.00307220011	0.0008130081301	0.01409384845	0.002501078051	0.01534406635	0.003715937242	0.001176063646	0.003987964467	0.01256151575	0.00133269364	0.002756990941	0.01190599799	0.002805139913	0.009976000088	0.003841419415	0.003469134194	0.003314008036	0.001709222089	0.7389023156
56	lagoa_dos_tres_cantos	alto_jacui	0.001356082258	0.0009485094851	0.007337091693	0.003449762829	0.004012288683	0.001445086705	0.005050155655	0.003987964467	0.003617125984	0.004424542886	0.004079221291	0.002111238016	0.0008062288567	0.002864505569	0.0009727351189	0.003043470505	0.002736258151	0.002388134655	1.15736351
57	lagoa_vermelha	nordeste	0.01015573004	0.005149051491	0.01102636379	0.01155670548	0.009250088136	0.01220582164	0.01141473539	0.01146241284	0.01075295276	0.01140785756	0.01142181961	0.01047543234	0.005825721278	0.01165341326	0.01677466974	0.01570989708	0.01610168044	0.009224113246	1.03634751
58	machadinho	nordeste	0.002960518528	0.0027100271	0.008539214061	0.01216041397	0.007739184448	0.008902766309	0.00325147008	0.006041646767	0.008870570866	0.002612079535	0.004008889889	0.007487396024	0.004068029201	0.005824863318	0.003324985497	0.003149442213	0.00334418768	0.005446084221	0.9759466526
59	macambara	fronteira_oeste	0.01880854166	0.009214092141	0.002238434754	0.003708495041	0.001460540232	0.003793352601	0.004842615012	0.003462603878	0.001783956693	0.008102777334	0.008130310021	0.002341974411	0.01747590639	0.004829475283	0.002832133037	0.01830439154	0.02167571009	0.009405156597	0.8115904897
60	manoel_viana	fronteira_oeste	0.01472833754	0.009891598916	0.003067484663	0.008451918931	0.00406265214	0.01037365813	0.005603597371	0.006184926927	0.006040846457	0.006077083	0.006484555224	0.007060533693	0.01927446528	0.006687532949	0.004352547505	0.00943112667	0.01008362947	0.0145582963	0.9146568006
61	mato_queimado	missoes	0.001031799119	0.00298102981	0.003067484663	0.004484691677	0.003642956671	0.00389657308	0.002282947077	0.003796924253	0.004269192913	0.001919078842	0.003024250267	0.003714855963	0.001407914078	0.003037776819	0.001049374856	0.001610755752	0.001299583229	0.002111565918	0.9488903232
62	maximiliano_de_almeida	nordeste	0.001849083506	0.0006775067751	0.009243906483	0.01017680034	0.006480098041	0.005393270025	0.003459010723	0.006471487248	0.007234251969	0.003091849246	0.004599673662	0.005526136665	0.002368179381	0.004999059911	0.002832133037	0.002329885024	0.002326753139	0.003436866931	0.912971417
63	mormaco	alto_da_serra_do_botucarai	0.001580282437	0.00027100271	0.004684131985	0.001293661061	0.004297681602	0.005470685384	0.00449671394	0.003199923584	0.004527559055	0.004104696412	0.003038316548	0.004557043805	0.0005951884463	0.004663577277	0.001760355797	0.002534934238	0.002219487075	0.001556381471	1.112500127
64	nao-me-toque	alto_jacui	0.003762019222	0.001761517615	0.01210412867	0.004053471324	0.006698339685	0.002374071016	0.01113801453	0.00799980896	0.00594242126	0.009702009702	0.008425701907	0.004095571015	0.001144480319	0.005791683717	0.01013118365	0.009108662793	0.007878568444	0.008715099402	1.268949646
65	nicolau_vergueiro	alto_da_serra_do_botucarai	0.001426989301	0.000135501355	0.003855082076	0.002759810263	0.002686051001	0.002064409579	0.005672777586	0.004011844493	0.002755905512	0.005010928088	0.003868227086	0.002249679853	0.001003018276	0.002263586125	0.001032867835	0.002649505931	0.002333302387	0.003000861775	1.168868418
66	nonoai	medio_alto_uruguai	0.002470147896	0.002032520325	0.004642679489	0.004225959465	0.005556768009	0.002632122213	0.004773434798	0.004322284841	0.004256889764	0.004317927395	0.003797895684	0.004487822887	0.001354472862	0.004475559537	0.007220052728	0.004221241919	0.004503493095	0.002372896082	0.9786950297
67	nova_ramada	noroeste_colonial	0.002820378469	0.00189701897	0.00845630907	0.006295817163	0.005691070559	0.004025598679	0.01030785195	0.007307288184	0.005880905512	0.008955701263	0.006400157542	0.004926222038	0.001746584687	0.004140076903	0.001424909565	0.006418075945	0.005833963993	0.004743972632	1.136359041
68	novo_cabrais	jacui_centro	0.002009790194	0.01436314363	0.00800033162	0.00120741699	0.01030772072	0.002322460776	0.006502940159	0.009480370618	0.008243110236	0.005170851325	0.007511393687	0.006852870938	0.001062117974	0.006776011886	0.002431837797	0.003459397022	0.003739532155	0.0009043069895	1.01424932
69	novo_tiradentes	medio_alto_uruguai	0.0007155273989	0.00027100271	0.003440557122	0.003104786546	0.004499135427	0.002451486375	0.001176063646	0.001958162193	0.004281496063	0.001279385895	0.001406628031	0.003957129178	0.0007353930486	0.0025069032	0.001363008239	0.0011957532	0.00116470412	0.001363511167	0.8346760611
70	paim_filho	nordeste	0.001748880972	0.001490514905	0.007378544188	0.0126778784	0.005153860359	0.00583195706	0.003113109651	0.006137166874	0.006496062992	0.002612079535	0.004332414336	0.005203105712	0.002133457177	0.005039612757	0.00245954601	0.002340759384	0.001872553933	0.006765699199	1.024697408
71	palmitinho	medio_alto_uruguai	0.001382268839	0.00433604336	0.004518322003	0.01285036654	0.00810851646	0.01101878613	0.001798685576	0.004680485242	0.01051919291	0.001492616877	0.002996117707	0.01038313778	0.002674994834	0.008597203328	0.004235229754	0.001572091359	0.0007196207596	0.006198232917	0.9650135196
72	panambi	noroeste_colonial	0.004541279259	0.005962059621	0.01023876637	0.01138421734	0.008847180486	0.008154417836	0.01376686268	0.01313401471	0.009670275591	0.01322032091	0.0125049232	0.008998719413	0.003470535447	0.008033150108	0.02463142182	0.009109515684	0.008126200825	0.008049605878	1.14775851
73	paraiso_do_sul	jacui_centro	0.00250482419	0.02059620596	0.01500580335	0.001034928849	0.0167374553	0.001470891825	0.005396056728	0.01588021779	0.01269685039	0.004531158377	0.01204073595	0.01124839927	0.001674072292	0.01027092988	0.004525871217	0.004728427774	0.005024069814	0.001128336764	0.9596271916
74	pejucara	noroeste_colonial	0.004806612698	0.00352303523	0.00609351683	0.002673566192	0.003491866302	0.00190957886	0.009131788309	0.004704365269	0.003235728346	0.009275547737	0.006920609914	0.002491953068	0.001683503095	0.0034469919	0.00238349581	0.01071515409	0.009651556106	0.006428631051	1.014986749
75	pinhal	medio_alto_uruguai	0.000734778721	0.00135501355	0.002528602222	0.008106942648	0.004348045059	0.004490090834	0.002006226219	0.002411882701	0.005044291339	0.00170584786	0.001702019918	0.004672412003	0.001438721368	0.003576023683	0.001542227316	0.000922046259	0.0006239486355	0.006629234362	0.9646983095
76	pinheirinho_do_vale	medio_alto_uruguai	0.001003579789	0.00162601626	0.003772177085	0.01009055627	0.006245068578	0.007535094963	0.0006918021446	0.003629764065	0.007394192913	0.0005330774562	0.002574129297	0.007452785565	0.001885112702	0.007303198882	0.002831543501	0.001484527882	0.0008473310973	0.01663620089	1.111357746
77	pirapo	missoes	0.002981324304	0.02032520325	0.002114077267	0.007072013799	0.004096227777	0.008902766309	0.002282947077	0.002005922247	0.005536417323	0.002132309825	0.001758285039	0.006875944577	0.004845546502	0.005548366642	0.001547533144	0.001726748929	0.001454552599	0.003317915081	0.7480739475
78	planalto	medio_alto_uruguai	0.001499331226	0.00325203252	0.008953739015	0.008020698577	0.0121711686	0.008051197358	0.001591144933	0.006137166874	0.01174950787	0.00133269364	0.003952624768	0.01097151559	0.002244111931	0.009408260246	0.006262645557	0.00189746928	0.001581200897	0.003410028846	0.8234535343
79	porto_xavier	missoes	0.002831020504	0.005691056911	0.005803349362	0.01069426477	0.01032450854	0.01243806771	0.001521964718	0.004226764734	0.01005167323	0.001386001386	0.003010183987	0.0127251122	0.005284183622	0.009644204077	0.006318651518	0.001186087102	0.0004523406349	0.003662488796	0.8891380872
80	quarai	fronteira_oeste	0.03544419496	0.01178861789	0.001823909799	0.01474773609	0.001678781876	0.02121180842	0.003320650294	0.006495367275	0.003666338583	0.004424542886	0.0072160018	0.01029084323	0.04865225444	0.01087553594	0.01387297141	0.007578576316	0.009161070526	0.02483910227	0.8208587805
81	quinze_de_novembro	alto_jacui	0.001827799435	0.001219512195	0.00518156193	0.01052177663	0.003559017577	0.005599710983	0.00698720166	0.00807144904	0.005167322835	0.006290313983	0.008875822877	0.004176328753	0.002456828928	0.004788922437	0.002255566403	0.003436226816	0.002497387602	0.01508846219	1.326020878
82	restinga_seca	jacui_centro	0.009707807978	0.05894308943	0.01620792572	0.003018542475	0.01497473433	0.006631915772	0.02255274991	0.01934282166	0.01170029528	0.0200970201	0.02056490182	0.01007164365	0.007344499683	0.01211055443	0.009618286949	0.01356444974	0.01497565229	0.005251166945	0.9680566578
83	rio_dos_indios	medio_alto_uruguai	0.002099470266	0.00027100271	0.005554634389	0.006554549375	0.005875736566	0.005341659785	0.004358353511	0.004680485242	0.006496062992	0.003944773176	0.003502503798	0.006126051293	0.002634547168	0.005555739887	0.001955492357	0.003234233794	0.003107706721	0.003477124058	0.8787037966
84	rodeio_bonito	medio_alto_uruguai	0.0008421556602	0.00460704607	0.00327474714	0.005605864597	0.005338526365	0.004722336912	0.001106883431	0.00198204222	0.005991633858	0.001172770404	0.001617622236	0.005145421613	0.001099841185	0.005054359247	0.003517763912	0.00140307679	0.001156207798	0.01578056636	1.09504522
85	rolador	missoes	0.002693630634	0.0006775067751	0.005098656939	0.003880983182	0.006446522403	0.008257638315	0.003597371152	0.004250644761	0.006852854331	0.003411695719	0.003516570078	0.007279733269	0.002495390433	0.004991686667	0.001482684136	0.004039433985	0.004189394696	0.003069094194	0.9235248902
86	roque_gonzales	missoes	0.003342196913	0.0283197832	0.00754435417	0.01155670548	0.009317239411	0.01114781173	0.004635074369	0.007832648773	0.01044537402	0.004317927395	0.006062566815	0.01084461057	0.005996942743	0.009740056258	0.004271191477	0.003088958025	0.002367110667	0.009186357974	0.8423166475
87	rosario_do_sul	fronteira_oeste	0.04705106814	0.02222222222	0.004476869508	0.03423889608	0.004969194353	0.03494013212	0.009823590453	0.01306237463	0.008661417323	0.01380670611	0.01717492826	0.01817049112	0.05969593415	0.01985246137	0.02401005042	0.02069525827	0.02276465534	0.02911522795	0.9477484255
88	saldanha_marinho	alto_jacui	0.002310517368	0.000135501355	0.006259326811	0.002759810263	0.003340775933	0.001290255987	0.006295399516	0.003844684306	0.002952755906	0.005970467509	0.004909131829	0.002111238016	0.001393034367	0.00258432227	0.001679589305	0.00535800349	0.004835911687	0.003619047489	1.123912993
89	salto_do_jacui	alto_jacui	0.00454307286	0.002845528455	0.006134969325	0.00120741699	0.006043614753	0.00193538398	0.004427533725	0.003820804279	0.004638287402	0.005384082307	0.004388679458	0.004499359707	0.001161665337	0.005065419114	0.007363310082	0.008829767432	0.0104698581	0.002352198915	0.7633387012
90	salvador_das_missoes	missoes	0.0008746796329	0.001761517615	0.002943127176	0.007330746011	0.002820353551	0.004619116433	0.002282947077	0.004298404814	0.004170767717	0.002718695026	0.003840094525	0.003668708684	0.001702783847	0.003782474535	0.001636553146	0.001670173826	0.0008923793038	0.006400655759	1.024987011
91	sananduva	nordeste	0.004813428383	0.005691056911	0.02246725253	0.01974989219	0.01527691507	0.01055429397	0.01328260118	0.01893686121	0.01609251969	0.01183431953	0.01454453384	0.01334810046	0.003498408709	0.0124017976	0.009572303107	0.008248451132	0.007974152065	0.009183173795	1.192306361
92	santa_barbara_do_sul	alto_jacui	0.01154899964	0.00433604336	0.01251865362	0.002328589909	0.009300451592	0.002477291495	0.01404358354	0.007235648104	0.007468011811	0.01625886241	0.01163281382	0.00431477059	0.002668288485	0.006477395475	0.005125429772	0.02612952444	0.02918539656	0.005200674955	1.035936394
93	santa_cecilia_do_sul	nordeste	0.002043031607	0.00216802168	0.005761896866	0.006382061233	0.00473416489	0.003354665566	0.005534417157	0.005349125991	0.004872047244	0.004904312597	0.005035728352	0.003311067271	0.001080560433	0.00479260906	0.0009992642585	0.003655206583	0.002854056113	0.004547690708	1.159245709
94	santa_margarida_do_sul	fronteira_oeste	0.01085403887	0.006639566396	0.002735864699	0.004484691677	0.002719626639	0.00879954583	0.005188516084	0.004799885376	0.003334153543	0.006237006237	0.006386091262	0.00479931702	0.008559606237	0.005603665977	0.001485042282	0.008418105369	0.009815818328	0.006877600366	0.9555495086
95	sant'ana_do_livramento	fronteira_oeste	0.08049252774	0.02330623306	0.006466589289	0.04044846917	0.0102909329	0.06002270851	0.01120719474	0.02208902474	0.01622785433	0.01263393571	0.02084622742	0.03120709745	0.1074987876	0.03043306753	0.0485259231	0.01464534695	0.01646693378	0.0624983937	1.003043912
96	santo_angelo	missoes	0.005662878022	0.005962059621	0.01239429614	0.006382061233	0.01475649269	0.008489884393	0.01992390176	0.0153548572	0.01382874016	0.01780478704	0.01325043605	0.01197521891	0.003944800044	0.0108018035	0.0466329216	0.008953436628	0.008479506208	0.008907514823	1.149710036
97	santo_antonio_das_missoes	missoes	0.01754799857	0.009214092141	0.004849941967	0.01276412247	0.006614400591	0.02092795211	0.00760982359	0.008238609227	0.008280019685	0.009435470974	0.009086817082	0.0134288582	0.02538562553	0.01241654409	0.006514967151	0.0121990423	0.01212557882	0.01505821249	0.8697631117
98	santo_expedito_do_sul	nordeste	0.001167873681	0.001490514905	0.004891394462	0.006899525658	0.005304950728	0.004670726672	0.003528190937	0.006805807623	0.005979330709	0.002878618263	0.004641872503	0.004718559282	0.0009112251284	0.004055284589	0.001454975923	0.001770957114	0.001436586419	0.003321554143	0.9091558861
99	sao_borja	fronteira_oeste	0.03685229166	0.009078590786	0.007005471729	0.007416990082	0.006866217872	0.0154314616	0.0162573504	0.01155793294	0.007947834646	0.02201609894	0.01990378664	0.009933201814	0.02890603944	0.01413819673	0.03702760445	0.03446816879	0.03821371205	0.02091096192	0.9972515162
100	sao_gabriel	fronteira_oeste	0.05924923192	0.005013550136	0.01214558116	0.02164726175	0.01260765189	0.03744322874	0.02476651678	0.01962938198	0.01345964567	0.02883949038	0.02749957801	0.02246218807	0.05535399252	0.02443861958	0.03711544538	0.04036399114	0.04634389553	0.03397587802	0.9540513876
101	sao_joao_da_urtiga	nordeste	0.001595229116	0.00298102981	0.008870834024	0.01181543769	0.00676549096	0.005754541701	0.002490487721	0.006519247302	0.007603346457	0.002132309825	0.004416812018	0.00624141949	0.00171221465	0.005913342255	0.002848050521	0.002209698465	0.002117619716	0.005981026384	0.961886483
102	sao_jose_do_herval	alto_da_serra_do_botucarai	0.0007731617917	0.077100271	0.001202122368	0.002759810263	0.002853929189	0.004361065235	0.0002767208578	0.001743241952	0.002571358268	0.0001066154912	0.001195633827	0.003691782323	0.0006477913688	0.003030403575	0.001272219628	0.0002779003216	0.0002231169518	0.001370561851	0.9684585211
103	sao_jose_do_ouro	nordeste	0.003537101602	0.00460704607	0.01073619632	0.005864596809	0.008410697198	0.004103014038	0.007748184019	0.008166969147	0.007750984252	0.006770083693	0.00673774827	0.006529839984	0.002537305112	0.006864490822	0.004195730813	0.007015170728	0.006800509107	0.004457396474	1.16639891
104	sao_luiz_gonzaga	missoes	0.013654329	0.009078590786	0.01106781628	0.00362225097	0.01334631591	0.01192196532	0.01127637496	0.01067437196	0.0124507874	0.01231408924	0.01249085692	0.01333656364	0.01075530671	0.01115571924	0.02066737883	0.02423155764	0.02330063164	0.007489872603	1.031543465
105	sao_miguel_das_missoes	missoes	0.01331617534	0.005013550136	0.01023876637	0.007330746011	0.01180183659	0.009496284063	0.01134555517	0.009146050244	0.009817913386	0.0133269364	0.01019805323	0.01157143022	0.008849236671	0.01093083528	0.004571265522	0.01879686503	0.0180938024	0.008456953418	0.8640003686
106	sao_nicolau	missoes	0.005331061757	0.00298102981	0.002735864699	0.004484691677	0.004163379052	0.01050268373	0.003943272224	0.003414843825	0.005290354331	0.004317927395	0.003474371237	0.007475859205	0.006583748254	0.006411036273	0.003346798346	0.005169798873	0.005498270777	0.004307967477	0.734862371
107	sao_paulo_das_missoes	missoes	0.002261611835	0.077100271	0.006134969325	0.01992238034	0.008544999748	0.01481213873	0.002490487721	0.008381889388	0.01277066929	0.002238925316	0.006231362179	0.01191753481	0.004888299475	0.01059903927	0.003702288816	0.002620152265	0.001223735856	0.008742847252	0.9076103055
109	sao_pedro_do_butia	missoes	0.001003579789	0.00460704607	0.003357652131	0.00957309185	0.003424715027	0.005548100743	0.003182289865	0.00491928551	0.005044291339	0.002825310518	0.004360546897	0.004487822887	0.00190104028	0.004667263899	0.001763303479	0.00192739154	0.001244888157	0.008935944997	1.131845478
110	sao_sepe	jacui_centro	0.02268822113	0.03075880759	0.008953739015	0.00957309185	0.01170110967	0.02257947977	0.01874783812	0.01762345974	0.01115895669	0.02036355883	0.0214370112	0.01562085396	0.02158312582	0.01615846578	0.01438645764	0.0195872107	0.02138338351	0.01535320398	0.9113129821
111	seberi	medio_alto_uruguai	0.002793833168	0.02859078591	0.00990714641	0.01086675291	0.01249013716	0.01016721718	0.004012452439	0.006614767409	0.01309055118	0.003838157684	0.005274855117	0.01263281764	0.002857952409	0.01106355368	0.00656979404	0.004559626428	0.004115228887	0.008579771772	0.9923172515
112	selbach	alto_jacui	0.001893325674	0.001490514905	0.008166141602	0.009228115567	0.005775009653	0.003767547481	0.008439986164	0.007331168211	0.005967027559	0.007303161149	0.007919315816	0.00384176098	0.002077710654	0.004482932782	0.003037291717	0.004731128596	0.00396220659	0.009652385394	1.256311298
113	sete_de_setembro	missoes	0.001201952108	0.001490514905	0.004435417012	0.004657179819	0.004029076502	0.002838563171	0.004773434798	0.004608845162	0.004318405512	0.004104696412	0.003826028245	0.003818687341	0.001155587709	0.003329019985	0.001246280025	0.00167777877	0.001564739273	0.001725142987	0.9478368212
114	soledade	alto_da_serra_do_botucarai	0.01133532192	0.002574525745	0.01409384845	0.009486847779	0.01433679722	0.01218001652	0.01335178139	0.01284745439	0.0126230315	0.01300708993	0.01202666967	0.01345193184	0.008571132774	0.01467275697	0.01848845216	0.01060989312	0.01092476534	0.008555208101	1.041112985
115	tapejara	nordeste	0.002396490663	0.005826558266	0.01210412867	0.006123329021	0.008343545923	0.00389657308	0.01044621238	0.009337090458	0.007652559055	0.009062316755	0.00897428684	0.005549210305	0.001453181932	0.007000895849	0.01301519589	0.005340092779	0.004301262934	0.006460927729	1.135676818
116	tapera	alto_jacui	0.001840832939	0.002303523035	0.007627259161	0.002846054334	0.00473416489	0.002012799339	0.009961950882	0.005922246633	0.004293799213	0.008689162535	0.006428290103	0.003241846353	0.001070081763	0.003845147115	0.006375247016	0.004337092948	0.004235239433	0.003730493773	1.08837223
117	taquarucu_do_sul	medio_alto_uruguai	0.0007370506161	0.0027100271	0.003813629581	0.01034928849	0.003642956671	0.005006193229	0.001176063646	0.003582004012	0.004785925197	0.0009595394211	0.002419400214	0.004487822887	0.001382765271	0.004505052516	0.001828152487	0.001188503626	0.0007194437529	0.003588570342	1.21641948
118	tio_hugo	alto_da_serra_do_botucarai	0.0008755166469	0.000406504065	0.00281876969	0.001552393273	0.003810834858	0.002451486375	0.004427533725	0.00389244436	0.003494094488	0.0001066154912	0.003024250267	0.003011109957	0.0005295919732	0.00220828679	0.00173677434	0.001494265054	0.001745463119	0.001360781871	0.9932039989
119	trindade_do_sul	medio_alto_uruguai	0.002492508127	0.002032520325	0.006881114243	0.006123329021	0.006077190391	0.004051403799	0.003735731581	0.00396408444	0.006176181102	0.003518311211	0.003305575874	0.00528386345	0.001885741422	0.005268183343	0.003514226693	0.004580237961	0.004661825592	0.003370454044	0.8767308698
120	tupanci_do_sul	nordeste	0.001426391434	0.00027100271	0.005969159343	0.003967227253	0.004952406534	0.002838563171	0.002767208578	0.003653644092	0.0046875	0.002398848553	0.002545996737	0.003564877306	0.001034035139	0.003848833737	0.0009273408134	0.002115098637	0.002296307985	0.001773588004	0.8243507451
121	ubiretama	missoes	0.001330971838	0.009349593496	0.006673851766	0.01190168176	0.006161129484	0.007560900083	0.007125562089	0.007259528131	0.007861712598	0.006983314676	0.005753108648	0.005814557159	0.002182287779	0.005839609808	0.001315845325	0.001983113753	0.001437205942	0.004824714328	1.136051325
122	uruguaiana	fronteira_oeste	0.06339173379	0.05460704607	0.007958879125	0.01190168176	0.006026826934	0.01937964492	0.01660325147	0.01351609514	0.006668307087	0.02681379604	0.02482698475	0.0107407792	0.06779867038	0.01795753748	0.07651239677	0.03944507215	0.04360241568	0.03705611684	0.967530763
123	vicente_Dutra	medio_alto_uruguai	0.001861638716	0.0008130081301	0.006881114243	0.003967227253	0.01128141421	0.003096614368	0.002767208578	0.006877447703	0.009621062992	0.002132309825	0.004262082935	0.008687225279	0.002953517878	0.006724399173	0.003037291717	0.002983981356	0.002842904691	0.002239615424	0.8582347475
124	victor_graeff	alto_da_serra_do_botucarai	0.00302963197	0.002845528455	0.01028021887	0.005174644243	0.007655245354	0.003096614368	0.01120719474	0.008023688987	0.006914370079	0.01007516392	0.008172508862	0.004649338363	0.001397225835	0.005463574328	0.001798675665	0.007464715366	0.006452159911	0.004768991186	1.252855592
125	vila_langaro	nordeste	0.001532811786	0.00135501355	0.007751616647	0.005778352738	0.005153860359	0.002812758051	0.007748184019	0.006710287516	0.00500738189	0.006183698491	0.005499915602	0.003518730027	0.0009363739359	0.004320721398	0.001288137112	0.003490101098	0.002692094978	0.004276125681	1.145829001
126	vila_nova_do_sul	jacui_centro	0.005025312499	0.000406504065	0.001699552313	0.003018542475	0.00256853627	0.009625309661	0.002282947077	0.003629764065	0.002718996063	0.002345540807	0.003207111911	0.005664578502	0.004733005588	0.004718876612	0.002576274224	0.002710629787	0.002677491925	0.002733390694	0.8272252408
127	vista_alegre	medio_alto_uruguai	0.0008220673241	0.00162601626	0.002238434754	0.01112548512	0.002753202276	0.006141618497	0.000760982359	0.003796924253	0.004490649606	0.000693000693	0.002897653744	0.004395528329	0.001782002591	0.004549291984	0.001696096326	0.001107336831	0.0006346575411	0.006407024118	1.216560981
128	vitoria_das_missoes	missoes	0.002365281998	0.00189701897	0.00609351683	0.005347132385	0.008393909379	0.006735136251	0.008232445521	0.006758047569	0.008267716535	0.006983314676	0.005317053958	0.008514172983	0.002428117373	0.006414722895	0.002017393683	0.002862017942	0.00253084187	0.002405875084	0.8275601717